ZN 6 MANAC'H
[300; -200][195; -60][150; -100][150; -200][150; -261]
ZN 6 MANAC'H
[300; -200][195; -60][150; -100]
ZN 6 MANAC'H
[300; -200][195; -60]
ZN 6 MANAC'H
[300; -200]
ZA 24 SAMSON Blé
[-47;-158] [-72;-239] [0;-275] [25;-208]
ZA 101 ROUGE Tabac
[0;125] [-38;146] [-60;115] [0;50]
ZA 111 REVIEUX Blé
[-135;75] [-113;50] [-69;115]
ZA 121 AMPLOI Blé
[128;100] [146;171] [102;194] [55;100] [111;50]
ZA 134 MANAC'H Tournesol
[150;-100] [195;-60] [150;-5] [104;-5] [104;-100]
ZA 152 AMPLOI Maïs
[96;5] [111;50] [55;100] [30;50] [50;20] [50;5]